120604
120605
120608
120609
120610
120612
120614
120615
120616
120617
120618
120619
120620
120623
120624
120625
120626
120627
120629
120630
120631
120632
120633
120634
120635
120636
120637
120639
120640
120641
120642
120643
120644
120645
120646
120649
120650
120651
120652
120653
120654
120655
120656
120657
120658
120659
120660
120661
120662
120663
120664
120665
120667
120668
120669
120670
120671
120672
120673
120674
120676
120677
120678
120679
120680
120681
120682
120683
120684
120685
120686
120687
120688
120690
120693
120694
120695
120698
120699
120700
120701
120703
120704
120705
120706
120708
120710
120711
120712
120713
120714
120715
120716
120717
120719
120721
120722
120723
120724
120726
120727
120728
120729
120730
120732
120734
120735
120736
120738
120739
120742
120743
120744
120745
120746
120747
120748
120750
120751
120752
120753
120754
120756
120757
120758
120759
120760
120762
120763
120764
120765
120766
120767
120769
120770
120772
120773
120774
120775
120776
120777
120778
120779
120780
120781
120783
120784
120785
120786
120787
120788
120789
120790
120791
120792
120793
120794
120795
120796
120797
120798
120799
120800
120801
120802
120804
120805
120806
120807
120808
120809
120810
120811
120812
120813
120814
120816
120817
120819
120821
120822
120824
120825
120826
120827
120829
120830
120831
120832
120833
120834
120835
120836
120840
120843
120844
120845
120847
120848
120849
120850
120851
120853
120854
120855
120856
120857
120858
120860
120861
120862
120863
120864
120865
120866
120867
120868
120869
120870
120871
120874
120875
120877
120879
120880
120882
120884
120885
120887
120889
120890
120891
120892
120894
120895
120897
120898
120899
120900
120902
120903
120904
120905
120906
120908
120909
120910
120911
120912
120913
120914
120915
120916
120917
120918
120919
120920
120921
120922
120923
120924
120925
120926
120927
120928
120929
120930
120931
120932
120933
120934
120935
120936
120937
120938
120940
120941
120942
120943
120944
120946
120948
120949
120950
120951
120952
120954
120955
120956
120958
120959
120960
120961
120962
120963
120964
120965
120966
120969
120970
120971
120974
120975
120976
120979
120981
120982
120983
120985
120986
120987
120988
120989
120990
120991
120992
120993
120994
120997
120998
120999
121000
121001
121003
121004
121005
121006
121007
121008
121010
121011
121012
121013
121014
121017
121018
121019
121021
121022
121023
121024
121025
121026
121027
121028
121030
121031
121033
121034
121036
121037
121038
121039
121041
121042
121043
121044
121045
121046
121048
121049
121050
121051
121052
121053
121054
121055
121056
121057
121059
121060
180000
180001
180002
180003
180004
180005
180006
180008
180009
180010
180011
180012
180013
180015
180016
180018
180019
180020
180021
180022
180023
180024
180025
180026
180027
180029
180030
180031
180032
180034
180035
180037
180038
180039
180040
180043
180044
180045
180048
180049
180051
180052
180054
180055
180056
180059
180060
180061
180062
180063
180064
180065
180066
180067
180068
180069
180070
180071
180072
180073
180074
180075
180076
180078
180080
180082
180083
180085
180086
180087
180088
180089
180090
180091
180092
180093
180095
180096
180097
180098
180099
180100
180101
180102
180103
180104
180107
180108
180109
180110
180111
180112
180113
180114
180115
180116
180118
180119
180120
180121
180122
180123
180124
180125
180126
180127
180128
180130
180131
180132
180134
180135
180136
180138
180142